NAME	B cells	CD8 T cells	CD4 T cells	NK cells	Monocytes	Neutrophils
AATBC	1	1	1	1	47.79048807	1
AATK	1	1	1	17.0791669	31.12209045	288.3229314
ABCB1	9.684374348	25.17031533	5.154390745	64.11554582	1	1
ABCB4	51.31197819	1	1	1	1	1
ABCD2	2.775060988	42.7734197	43.98169984	1	1	1
ABLIM1	269.5496281	424.1247745	556.929164	149.6727956	1	11.4571574
ACSL1	13.49002206	10.71141819	9.265919433	14.54114479	237.1573109	1899.139473
ADAM28	399.8607642	1	1	15.17204481	11.48314169	29.64985987
ADAMTS1	1	1	1	23.45575241	1	1
ADAMTS10	1	84.39436874	50.33928848	268.4773455	1.541059926	1
ADAMTSL4	1	1.274655226	1.449348981	2.092012774	196.3394317	134.354287
ADGRE3	1	1	1	1.709750018	15.37103303	276.1403481
ADGRG1	1	163.4041639	2.538450615	1454.567684	1	15.70714046
ADGRG3	1	1	1	15.99442498	1	483.0932886
ADGRG5	34.16270821	39.42232287	2.480903908	210.651659	1	1
ADM	1	1	1	1	27.19797855	232.5715281
ADTRP	1	4.907998892	66.5064808	1	1	1
AFF3	281.0556532	2.08574091	5.738437856	2.35417401	5.179727225	1
AIF1	1	16.23049372	10.96218784	1	461.5791656	284.030084
AK5	1	10.14207151	31.4351074	11.56502727	1.006152898	2.358397613
AKR1C3	1	1.372447726	1.943692946	43.02804589	1	1.006152898
ALDH1A1	1	1	1	1	99.99978672	1.968101829
ALDH2	4.87149507	1	1	1	282.3107414	34.06212235
ALDH3B1	1.975494322	1	1	3.16552264	183.0625403	62.92450048
ALPL	1.685259847	1	1	1	1	929.8661582
ALS2CL	1	14.95004465	144.2696236	1	9.115183807	1
AMIGO1	1.517691406	35.2494362	51.8220316	11.67407668	1	1
ANK3	4.638022248	7.280312224	26.47362031	2.391799964	1	1
ANKRD55	1	1	21.32872413	1	1	8.357379228
ANO9	113.9959338	220.2422569	302.3774612	26.65426449	3.443204073	1
ANPEP	1.639647311	1	1	2.93631764	624.0706056	975.5836251
ANXA3	1	1	1	1	1	149.5163162
APBA2	1	169.9589812	124.0348697	121.7697799	1	1
APBB1	24.09191689	103.563432	147.7781663	43.58094973	2.963034275	1
APOBEC3A	1	1	1	5.68651993	212.2239453	549.9878678
AQP3	2.282982873	74.87033475	177.4526781	2.472596487	1	1
AQP9	1	1	1	1	119.1857642	1751.264504
ARHGEF10L	1.512993931	1	1	1	105.3424818	1
ARHGEF40	1.536772121	1.518976396	1	1.606595322	187.4110601	274.4641219
ARL4C	197.0287593	1431.056597	1010.477828	2765.195629	209.9605164	5.39963691
ARVCF	2.445355913	3.856432089	3.215920043	92.23882278	3.615074191	1
ASGR1	1	1	1	1	43.44297055	1
ASGR2	1	1	1	1	125.4748522	1
ATF3	2.563579974	5.040763074	1.141408363	7.906415356	173.2509701	3.887327584
ATP8B2	78.93305459	410.6272716	564.9128115	116.8362101	2.811200983	7.772485046
AUTS2	26.53923232	53.26283723	32.34130582	188.4351404	1	1
AXIN2	14.08005745	18.91077619	53.55407587	1.758839484	1	1
B3GAT1	1	18.99248996	1	122.897472	1	1
B3GNT7	9.271689553	3.039936602	1	346.040689	1	1
BACE2	32.60069335	1	1	1	1	1
BACH2	380.3448851	90.11333246	98.42592547	19.48656673	1	1
BANK1	723.2770015	1	1	1	3.96746058	1
BASP1	42.66783644	1	1	1.771348646	55.51738381	1061.469398
BCL11A	197.388472	1	1	1	13.93888257	9.585979488
BCL11B	1	370.6040005	543.5297371	91.09758972	1	1
BCL7A	220.5718763	3.945558861	4.594519378	1	1	1
BEND4	28.00094141	1	1	1	1	1
BICDL1	14.23396519	133.5777034	120.1840034	29.65318586	1.006152898	2.37538323
BLK	701.8192848	5.882550682	2.88654165	1	1	1
BLNK	172.2994948	1	1	1	2.381438326	1.603712943
BNC2	1	1	1	32.43747652	1	1.006152898
BOK	1	1	1	20.87334132	1	1
BST1	1	1	1	1	179.2403564	171.2494389
BTK	299.3710593	1	1	7.326709433	161.205411	76.12206391
BTLA	126.3685816	4.530696337	8.944591793	1	1	6.29796592
BTNL8	1	1	1	1	1	89.21469909
C19orf38	2.46296782	1	1	1	199.7311494	115.9380538
C1orf21	1.144499956	23.28342187	1.194892997	130.6619777	1.596818169	3.661355994
C5AR1	1.31005265	1	1	3.852873602	629.8851754	1272.830957
C5AR2	1	1	1	1.584277852	12.80084582	117.9165252
C9orf172	1.758839484	8.277762232	2.111315354	39.53516777	1	1
CA4	1	1	1	1	1	70.6471464
CACNA1I	1.116928084	44.30376893	164.5910844	1.137479629	1.541036028	3.610335255
CAMK4	3.751428898	193.4155634	279.5482801	1.345214281	1	1
CARD11	336.4903611	297.5182885	264.0939159	465.3499662	1	1
CARD9	1.905559867	1.603712943	1	3.314539275	126.3592804	14.42795147
CARMIL2	224.743341	195.5554334	285.796862	56.95369362	1	1
CARMIL3	6.489612303	3.595279998	1	54.00930952	2.501979096	1
CBLN3	41.21756557	1	2.080692809	1	1.658210577	1
CCDC50	281.0483076	4.0994057	12.26271889	28.25721877	46.25663413	1
CCNJL	1	1	1	29.53270094	1	155.10058
CCR1	1	1.608200391	1	3.008124306	362.88923	213.6745382
CCR4	1	10.23912023	67.78131666	1	1	1
CCR7	197.8520492	283.7696577	422.6194718	2.73950925	1	1
CD14	1.851163386	1	1	1	1148.299861	296.2509054
CD160	1	12.87535213	1.745114808	87.49317263	1	1
CD163	1	1	1	1	363.4599513	6.709230543
CD19	473.0158157	1	1	1	1	1
CD1C	50.63742239	1	1	1	13.94339053	1
CD2	1	185.3310633	258.8290007	82.5357711	1.698686007	1
CD200	52.79029179	1	1.685259847	1	1	1
CD22	1454.137108	1	1	1	1	5.35526341
CD226	1	53.84023568	62.34527407	156.8320888	1	1
CD244	3.884083756	31.9666667	6.464366476	200.6601756	69.84479057	1
CD247	2.254932694	269.8222386	338.6246254	1295.417822	1	1
CD248	1	13.93390701	1	1	1	1
CD27	14.16564659	42.69480795	75.35247781	1	1	1
CD28	1	124.9459748	259.1394817	1	1	1
CD300C	1	1	1	2.985751319	86.27412654	7.103922379
CD300E	1.574737674	1	1	1	909.1423046	4.712783523
CD300LF	1	1	1	1	161.5419815	123.1856248
CD33	1	1	1	1	153.7430211	26.73073422
CD36	1	1	1	1	770.8065086	5.037073332
CD3D	1	218.7817292	215.4670478	2.556397062	1	1
CD3E	1	829.2240772	864.8968529	60.39050748	1	1
CD3G	1	127.2325171	134.8219294	6.903106633	1	1
CD4	1	3.319696544	548.2211129	1	697.4347901	43.92098147
CD40	244.4846017	1.831824091	1.878514018	3.865419206	16.16736721	1
CD40LG	1	3.400901794	51.72649177	1	1	1
CD5	5.040132441	253.2072175	448.1224786	1	1	1
CD6	12.3329688	519.6672527	690.8383051	98.0137399	1	1
CD68	12.22066102	2.265599601	1	2.21375606	1241.754942	65.07983384
CD7	1	329.5520753	229.2497085	858.6800856	13.16840373	17.49763216
CD72	214.6972291	4.591340497	1.858305384	19.25897	2.691007278	1
CD79A	1520.308683	7.530414772	1.87518604	1.432486651	1	1
CD79B	627.1901047	4.627401071	10.52624109	10.67724283	9.992093094	1
CD83	998.6079651	34.49318168	12.81957624	29.34724685	469.6844367	12.61524108
CD86	19.41697164	1	1	1	161.2224712	1
CD8A	1	1033.557094	2.463966714	3.42594854	1	1
CD8B	1	426.5298805	1.732657038	1	1	1
CD93	1	1	1.835128271	12.35766552	555.048167	335.9573869
CD96	39.13562836	267.68554	230.5386195	200.9803723	1	1
CDA	1	1	1	1	75.1929478	188.823761
CDCA7L	141.0610105	7.805793106	15.62526926	1.468785308	2.444465438	7.721072255
CEACAM3	1	1	1	1	4.518759012	202.859056
CEACAM4	1	1	1.560116742	1	25.56879014	126.8374381
CELSR1	93.75994059	2.531877692	2.164710955	3.696627344	1	1
CEP19	1	1.057255786	1.499524425	1	2.46296782	88.85887106
CEP78	22.90869574	61.95852245	29.23493935	386.0514721	4.938745869	5.00716539
CERCAM	1	1.812210491	1	26.65335529	2.289972103	1
CES1	1	1	1	1	95.00146867	1
CFD	1.038192686	1.187474205	1	7.262936005	193.1688876	59.41446187
CFP	1.606595322	4.839863361	18.11498744	1	586.9381471	263.9281433
CHI3L1	1	1	1	1	1	283.6305173
CHRM3-AS2	1	81.81795408	234.0876746	7.299697508	1	1
CHST15	42.59183258	1	1	1	214.2207431	433.4326928
CHST2	35.62567458	5.949162859	4.556666471	302.122378	38.98865478	42.77566039
CIITA	1503.534044	12.25538782	4.066555327	7.650510405	240.0455263	26.09112206
CLDND2	1	4.395401227	1	23.7417897	1	1
CLEC12A	1	1	1	3.835761993	211.0875541	50.54720398
CLEC17A	131.4735186	1	1	1	1	22.53122836
CLEC4E	1	1	1	1	88.46644522	215.0719872
CLEC7A	1.090061835	1	1	1	543.5774054	638.9305996
CLIC3	1	6.501205654	1	148.2065592	1	1
CLIC4	152.9635724	1	1	1.254148403	58.81088783	21.97871236
CMKLR1	1	9.849497471	1	92.96628427	15.08322188	1
CMTM2	1	1	1	1	3.386850791	208.7998071
CNR2	152.9129661	5.904612487	1	9.992093094	1	4.462430463
CNTNAP2	85.61417819	1	1	1	1	1
CNTNAP3	1	1	1	1	1	99.64788058
COBLL1	148.9219548	1	1	1	1	1
COL19A1	102.7212818	1	1	1	1	1.858293421
COL4A3	51.22181392	1	1	1	1	1.818713586
COL4A4	40.43625081	1	1	2.470828894	1	1.818713586
COL6A2	1.006152898	217.7363341	63.09253517	136.1549965	1.006152898	2.488512873
COLGALT2	1	2.442820733	1	28.37371504	1	1
COLQ	2.374156755	15.68759538	6.987337429	58.11298331	1.968101829	1
CORO2B	28.12770385	1	1	1	1	1
CPNE5	255.6708467	1	1	1	1	4.619892252
CPVL	1	1	1	1	572.3897091	1
CR2	94.15553262	2.501399375	3.004832218	1	1	1
CREB5	1	1	1	1	142.1497581	427.2195553
CRIP2	19.30114375	16.21647839	54.29542124	1.789246027	2.506530329	1
CRISPLD2	1	1	1.345214281	1	101.9528832	203.0300546
CRTAM	1	18.57470615	1.135133928	3.085639652	6.965669208	1
CSF1R	1	1.034901492	1	1	548.5463652	60.94942432
CSF2RB	45.00499419	1	3.706276356	116.6716822	300.7043673	1798.60381
CSF3R	3.43630898	2.432416609	1.940505539	1.764948063	1528.167595	7551.854011
CST3	1.6372936	2.341533455	1	5.306838718	1025.748761	75.15092223
CST7	1	257.7018027	15.74760006	729.4559524	1	139.5973757
CSTA	1	1	1	1	146.0589819	81.12060834
CTBP2	1	4.004865622	1	150.6379616	73.69872534	105.1907698
CTLA4	1	8.001686636	62.02225392	1	1	1
CTSW	1	387.1709637	40.51546532	1309.132406	1	1
CX3CR1	1	21.44051496	1	164.7381872	105.670339	31.24208356
CXCL2	1	1	1	1	49.80154302	1
CXCL8	1.30473885	1.427715538	1	1.874570701	1132.723193	1102.036716
CXCR1	1	1	1	11.20388983	1.584998529	1262.077065
CXCR2	1	1.203149789	1	19.08836847	5.934986077	2565.480562
CXCR3	2.907811467	32.12835424	13.03362245	10.84001919	1	1
CXCR5	40.49081727	1	2.557411699	1	1	1
CXXC5	247.9542594	8.552087254	1.609477701	104.5185965	31.72593664	1
CYBB	358.9392349	1	1	1	1494.204804	106.2709954
CYP1B1	1	1	1	1	136.1948056	11.19110091
CYP4F3	1	1	1	1	3.493014336	416.1923461
DAB2	1	1	1	51.06423645	7.392713223	1
DACT1	6.64316777	1.213642943	18.98538599	1	1	1
DAPK1	1	1	1	7.024370145	161.216541	59.23808736
DBN1	1	37.59271702	1.326098749	3.395098376	2.559494204	57.7553935
DCHS1	2.039622664	40.60721405	44.08194003	2.347044764	4.748285325	1
DENND5B	119.4747154	1	1	1	1	1
DERL3	117.463398	2.477759582	1.838408824	4.126845764	2.226301371	1
DGAT2	4.9972555	1.021706086	1.024839673	1.037489938	8.929774578	347.0027003
DHRS3	1	41.27250819	57.08433574	66.14792973	1	1
DIRAS1	26.78567196	1	1	1	1	1
DLG5	1	16.5612636	2.13857574	90.04697904	1.871785637	7.074157365
DMTN	1	29.87100702	33.25375328	7.726647298	1	1
DOCK5	1	2.646439638	1	70.61602907	130.8835528	540.2251793
DOCK9	24.72044375	120.8779305	151.0725342	40.51946784	1	6.103334974
DPP4	1	73.16320588	116.15988	1.693631511	1	1
DSC2	1	1	1	1	25.67365251	110.1218715
DTHD1	1	7.123876475	1	65.28857429	1	1
DTX3	4.722799411	74.94176138	54.71619036	117.3936047	1	1
DUSP4	7.715114315	38.97129875	62.23955422	8.880762813	1	1
DUSP6	33.56373289	6.097424326	5.549625954	42.8829404	1740.772742	218.8187833
DYSF	1	7.143914543	1	13.14754158	208.7442429	985.0539597
EBF1	98.47603265	1	1	1	1	1
EDAR	1	9.181198853	31.46185541	1	1	1
EGR1	174.9601952	5.287838552	1.42752756	9.940814154	1296.157017	113.5321609
EGR2	5.892111919	1	1	1.314157118	198.1038202	11.51803119
EGR3	14.2515482	1.476322562	1	1	216.0847368	34.90607865
ELOVL6	1	9.39087211	3.887327584	44.81188117	1	1
EMILIN2	2.601003554	2.914383954	3.838033735	4.661687486	372.6108435	60.25617653
EML6	70.98688558	1.945820365	1.831812299	2.592086265	1	1
ENO2	25.61810594	120.6808002	140.2117617	21.11799663	1	1
EOMES	1	21.57537195	2.445355913	31.6510403	1	1
EPB41L3	1	1	1.634541619	1	102.3845681	1
EPHB1	1	1	1	1	1	87.53342258
EPHX2	1.727241526	27.14421794	68.44637809	1.44054002	1	1
ERBB2	5.792215845	6.493238593	3.134225456	133.9079009	2.591887728	1
EREG	1	1	1	1.968101829	93.3375896	1
ETS1	748.9127393	1366.029094	2260.235808	1225.512213	3.575030979	31.63457422
F13A1	1	1	1	1	188.2643828	12.24847919
F2R	1	33.28370785	4.742091598	101.602374	1	1
FAM102A	153.860786	434.9290518	581.1837882	21.3536681	6.732155885	5.707565318
FAM111B	27.45615474	1	1	1	1	1
FAM129B	1	7.218055672	11.66755989	1.680122741	129.6796963	1
FAM129C	995.9010432	1.445012543	1	1	1	7.986477728
FAM153A	1.268154825	31.22084428	50.1654724	1	1	1
FAM153B	1	19.79202199	37.70026389	1	1	1
FAM179A	1	10.12441851	2.730439528	63.78569011	2.021944756	1
FAM198B	1	1	1	1	229.0715924	5.522290039
FAM212B	5.064230365	1	1.723030088	1.861633362	35.76953598	342.0235229
FAM30A	212.1784621	1	1	1	1	1
FASLG	1	2.81179792	1	22.05872915	1	1
FAT4	1	1	1	21.83652764	1	1
FBLN7	1	1	12.58775566	1	1	1
FBXL16	2.36053889	16.98999612	49.57661781	1	2.478340418	1
FBXO32	7.045556949	73.97136891	54.67546397	38.73197729	2.59304051	1
FCAR	1	1	1	1	240.777986	118.4750379
FCER1G	1	4.421682239	1	162.6051652	524.0650234	211.6383392
FCER2	513.3105545	1	1	1	3.872364382	1
FCGR2A	8.564184763	1	1	11.58940978	368.9875515	1588.225624
FCGR3A	1	78.96433889	1	865.5817371	174.6403905	707.5131644
FCGR3B	1	1.912852874	1	3.579966761	3.861628019	5572.184441
FCN1	6.152738891	1.825356944	1	1	4345.757801	278.4109937
FCRL1	1297.764308	1	1	1	1	9.402800744
FCRL2	437.3894373	1	1	1	1	1
FCRL3	319.1149254	60.43302285	17.15106209	174.6266149	1	1
FCRL5	202.1192269	1	1	1	1	1
FCRL6	1	78.23520392	1.639647311	326.8822575	1	1
FCRLA	263.4420122	1	1	1	1	1
FEZ1	1	3.604514802	1	26.13535113	1	1
FFAR2	1	1	1	1	39.77664485	555.048167
FGD2	508.9626645	2.312328536	1	2.185150391	285.3662255	1
FGFBP2	1	70.92164077	1.639647311	750.5534516	1	1
FHIT	2.734102608	12.29467717	117.8602021	2.883397115	2.940490073	1
FLT3LG	17.67580677	192.8183352	252.1104552	23.5441411	9.143468305	10.00434937
FLT4	1	36.22012841	9.791314175	1	1	1
FOXP3	1	2.350010918	36.97415248	1	1	1
FPR1	1	1	1	1	342.237808	2121.908878
FPR2	1	1	1	1	32.17505245	513.6028447
G0S2	1	1	1	1	213.8954262	838.6428604
GAS2L1	1	1	1	1	47.79088571	1
GATA2	1	1	1	24.92738618	1	1
GATA3	1	182.1408578	161.2317949	104.9243226	1	1
GCA	20.836358	2.65832209	4.786720653	1.34967174	133.7949894	1001.595013
GFOD1	51.89516297	10.29974223	2.144289842	303.2104457	21.26645994	8.725937799
GIMAP5	1	116.1330585	237.4324716	32.79787189	11.29310994	1
GIMAP7	1	34.80399449	60.4269803	22.1211458	10.72745291	1
GK5	12.66190539	34.60867907	18.60289426	212.6150787	13.9801944	6.66247055
GLT1D1	1	1	1	1	143.5050238	462.0639671
GNG7	286.8080598	5.539274755	7.610151532	1	4.668596251	34.27741869
GNLY	1	473.6909497	11.43389217	5572.184441	1.831812299	7.031599728
GOLGA7B	1	22.08362908	40.18178736	9.41040947	1	1
GOLGA8A	103.2586634	167.8513078	240.7721667	101.3735744	2.896993434	1
GPA33	2.369917969	5.530819998	25.91048355	2.802308113	1	1
GPR153	1	4.912903861	1	24.30143616	2.265599601	1.0185725
GPRASP1	41.9259424	111.7854125	143.7273287	18.56683042	1	1.006152898
GRAP2	22.37027587	163.7717936	109.7195267	67.34954683	1	1
GZMA	1.024839673	149.6748268	21.07072517	397.0090258	1.228179344	3.181050468
GZMB	1.024839673	56.83016349	1.031164805	1015.961106	1.247129441	3.189159292
GZMH	1.024839673	183.0473768	3.96402157	369.7996035	1.247129441	3.189159292
GZMK	1.024839673	157.8467585	23.98675463	14.18602821	1.235736206	3.197288786
GZMM	1.024839673	153.7623802	44.96369509	230.9237801	1.254873722	6.2245804
HAL	2.396086885	1	1	1.515499414	33.04985257	199.16295
HAPLN3	7.846257064	101.6623634	205.2260446	10.22723727	3.05752597	1
HAVCR2	1	3.822336745	2.123006849	81.65849933	38.22027443	1
HBEGF	1	1	1.780670076	1	176.3903279	6.437933733
HCAR2	1	1	1	1	72.36143163	178.016506
HCK	32.97813621	1	1	1	569.5928478	924.8786538
HDC	1	1	1	49.96683939	1	1
HIST1H2AC	12.0679757	2.2323154	2.257397583	2.669463479	8.611558552	311.8710522
HIST1H2BC	1	1	1	1	1	76.73738371
HK3	1.112183217	1	1	9.515319233	676.7778054	222.5933658
HLA-DMB	1036.932585	9.441151744	3.71783204	8.105316823	362.0586437	15.31786106
HLA-DOA	463.0758372	24.31773295	3.231360782	1	16.81511606	1.968101829
HLA-DOB	162.3164042	2.613104102	3.539804599	3.696794543	2.488512873	15.04299572
HLA-DPA1	1335.996484	81.81162114	28.25122724	34.046942	939.350732	1
HLA-DPB1	1335.996484	112.0088224	31.70906293	45.30858584	604.4334273	1
HLA-DQA1	998.8077645	6.816526303	2.125165711	1	133.7889354	1
HLA-DQA2	108.0686146	1.612340832	1	1	14.97105031	1
HLA-DQB1	1751.264504	25.18303202	11.41109614	5.394394856	819.0403282	38.64628769
HLA-DQB1-AS1	71.11407514	1	1	1	20.21753962	1
HLA-DRA	4235.979781	31.71151078	11.34309521	7.002874729	2632.610596	37.52525657
HLA-DRB1	762.5284044	26.15643883	9.268799551	9.123889291	546.2425383	7.986477728
HLA-DRB5	209.5535127	7.014598527	2.959931381	2.263798017	149.9832683	1
HMOX1	5.152652041	1	1	5.749216721	187.0085499	57.70641313
HNMT	1	1	1	1	45.27697187	1
HOPX	6.075701246	29.24505636	6.59323286	185.7247325	1	1
HPCAL4	1	11.69389189	21.44424535	1	1	1
HSPA1A	1	2.084398926	3.060599918	2.754322359	16.46300229	182.3203353
HSPA6	1.522303228	1	1	2.538877863	22.71576611	374.9937582
ICOS	1	38.68607559	132.841881	1	1	1
ICOSLG	593.2964685	9.011782722	16.25734135	1.171183317	70.48453494	1
IFI30	45.14968618	3.545757254	2.332142257	4.026966923	1822.06231	330.5835745
IFIT1	1.934613077	1.003076449	1.943692946	2.063426098	10.45340473	166.2038196
IFIT2	4.519477538	5.45012452	3.446552389	20.02532717	23.39474534	500.8620373
IFIT3	3.296483813	3.015447462	3.377851593	9.323994529	22.43249411	372.3117176
IGHA1	667.0335052	2.33863822	1	2.41923164	1	1
IGHA2	126.7701281	1	1	1	1	1
IGHD	1669.745064	1	1	1	1	1
IGHG1	442.9508318	1	1	1	1	1
IGHG2	191.6233593	1	1	1	1	1
IGHG3	101.2604763	1	1	1	1	1
IGHM	6955.493288	3.408999324	3.2487926	1.075760141	1.709220966	4.882633646
IGLC2	79.37099718	1	1	1	1	1
IGLC3	87.5203169	1	1	1	1	1
IGLL5	67.78560783	1	1	1	1	1
IGSF6	1	1	1	1	86.23275173	262.5542129
IL18RAP	1	32.99586658	3.845931029	271.0916954	1	165.1050901
IL1B	1	1	1	1	1148.299861	92.03329814
IL1R2	1	1	1	1	3.484787343	160.8134489
IL1RN	1	1	1	1	92.63023717	243.0836516
IL2RA	10.29984693	2.381438326	37.98542408	2.366875185	1	1
IL2RB	1.812211062	444.7094793	143.6401038	3740.373471	1	1
IL32	1	383.5294523	412.7209531	166.8325932	1	24.6658427
IL6	48.49912357	1	1	1	1	1
IL7R	1.572893675	1064.910487	1655.648579	28.53686501	1	4.561780289
INPP4B	1	99.4439624	235.93343	5.290001349	1	1
IRF8	794.2129717	2.823651396	2.073293659	85.56233827	238.326679	1
ITGA6	1.883282174	237.8275899	331.4845635	63.89636482	1	12.38156895
ITK	1	620.9075795	777.6776797	224.140036	1	1
ITM2A	6.735702607	86.49683445	121.1315237	37.37279155	1	1
JCHAIN	159.5209178	1	1	1	1	1
KCNH8	70.65527803	1	1	1	1	1
KCNIP2	38.72505124	1	1.4627392	1	1	1
KCNJ15	1	1	1	1	5.823697814	403.5450126
KCNJ2	1	1	1	1	1.888545585	152.0960213
KCTD12	5.856505439	5.44275852	8.492423807	1.37150416	476.2262032	79.78972073
KIFC3	1	2.919561688	1	84.33398897	2.318022282	9.959463467
KIR2DL3	1	1.012419836	1	21.09241424	1	1
KIR2DS4	1	1.012419836	1	31.33530232	1	1
KIR3DL1	1	1	1	40.0889168	1	1
KIR3DX1	1	2.423848642	1	47.28516537	1	1
KLF4	186.7318556	7.106053123	4.414553762	32.84953828	1588.225624	46.59551452
KLF8	82.69666678	2.911781725	8.743489666	11.24969313	1.717662007	1
KLHL14	69.56529748	1	1	1	1	1
KLRB1	1	121.1587546	87.54106368	364.8351795	1	1
KLRC1	1	3.953187018	1	60.92971017	1	1
KLRD1	1	36.25005626	1	324.3720459	1	1
KLRF1	1	13.0578096	1	369.2235156	1	1
KLRG1	1	41.41372632	10.78669221	21.42523236	1	1
KLRK1	1	21.56490092	1	13.68499342	1	1
KMO	41.99653471	1	1	1	7.52504469	1
KREMEN1	1	1	1	1	6.266397162	133.9325668
KRT23	1	1	1	1	2.369917969	184.9660932
LAG3	1	39.55381028	5.159283906	1.91055924	1.006152898	2.57524251
LAMA5	166.1604817	1.871869982	1.805708538	3.228436772	2.203614647	5.956174855
LAMC1	79.72452155	1	1	1	6.011497149	1
LARGE1	44.20231937	1	1	1	1	1
LARGE2	161.2636844	5.808410544	4.933250451	1	1	1
LCK	15.60270556	477.3140596	518.9524997	292.3054427	1	1
LDHB	108.3446332	420.6729409	747.1447153	82.30565867	83.44105273	1.489905924
LDLRAP1	24.74457655	187.057517	274.8685249	32.15046317	17.84332067	1
LEF1	2.529584031	337.4513636	515.8289923	8.723430041	1	1.669816921
LGALS2	1	1	1	1	134.6867341	1
LGALSL	1	1	1	1	1	60.81361888
LGR6	1	16.84596535	1	88.00777285	1	1.006152898
LILRA1	1	1	1	1	268.4262138	176.7130435
LILRA2	1	1	1	1	249.4982385	424.5435265
LILRA5	1	1	1	1	213.0292575	223.1198713
LILRA6	1	1	1	1	153.6942699	233.0834234
LILRB2	3.175327327	1	1	1.218033915	679.3692421	447.5841674
LILRB3	1	1	1	1	96.45444254	287.9876279
LILRB4	1.319054673	1	1	1	137.8495251	1
LIN7A	1	1	1	1.912458898	36.11330962	138.2692754
LINC00299	1	3.178089699	1.372447726	50.60265723	1	1
LINC00402	1	22.84837343	54.28334214	1	1	1
LINC00494	86.20208513	1	1	1	1	1
LINC00649	3.001031594	110.8862214	127.0473864	6.182136262	1.851637466	1
LINC00861	1	313.7272975	487.05171	221.2213373	1	1
LINC00926	1820.720966	2.164850299	1.783825501	2.624281251	2.770448977	1
LINC01272	1	1	1	1	110.4531917	204.4391816
LINC01550	1	20.02053725	35.91771387	1	1	1
LLGL2	19.12368389	72.77319559	35.92735734	251.9625625	5.980869575	5.286334105
LMNA	11.31563767	295.3522595	125.3374007	70.48968386	82.91214604	1
LPCAT2	1.006152898	1.003076449	1.006152898	2.658016022	88.6015714	227.5368723
LRG1	1	1	1	1	9.018568984	298.329996
LRP1	4.66893497	6.793713781	10.68010131	2.202835076	1121.837542	1
LRRC25	3.758751946	1	1	3.624778329	220.8523148	486.3272606
LRRC4	1	1	1	1.825356944	10.40526665	185.8644439
LRRK2	82.36597744	1	1	1	306.8328671	1088.371957
LTBR	1.340045567	1	1	2.997342258	159.8521491	107.398748
LTF	1	1	1	1	1	69.34274973
LTK	17.94595791	62.29523795	13.96207342	2.397536217	1	1
LYZ	13.65242318	3.200506359	2.215517791	1.621541334	9418.638837	555.048167
MACROD2	54.45605888	1	1	1.003076449	1.024839673	2.685104859
MAF	1	52.80530147	142.0902002	63.27030226	5.169627863	1
MAFB	1.731606039	1	1	1	1039.92878	25.57620577
MAL	1	58.5820904	190.1255279	1	1	1
MAN1C1	1	33.73560109	66.40410057	4.858330766	16.28734466	1
MANSC1	1	1	1	1	2.385737151	125.5634636
1-Mar	335.6177027	1.871869982	2.289972103	1.644784417	154.2374486	1
MARCO	1	1	1	1	44.15932309	1
MARVELD1	1	1.402854269	1.864973302	1	59.44787558	1
MATK	3.182183271	133.3963851	14.6219127	490.9482267	1	1
MBOAT2	1	1	1	2.790017889	9.627408372	117.4523718
MEF2C	459.6289426	1	1	4.758707965	102.2242267	44.61469929
MEFV	1	1	1	1	130.5192939	451.4970734
MGAM	1	1	1	37.99565748	9.929129084	818.4902756
MIAT	95.18082844	400.4798753	306.0703363	312.6369286	1.805708538	16.9277004
MIR600HG	54.65944767	3.16393923	4.820703568	1	1	1
MLC1	1	4.067859908	1	190.0149452	7.221347441	1
MME	2.963418373	1	1	1	1.818713586	905.3279008
MMP17	80.08130386	1	1	1	41.22603946	1
MMP23B	1	5.47203511	1	48.47994737	1	1
MMP25	3.453734511	24.80428787	19.74358614	88.35709018	49.22669037	2235.83302
MMP9	1.462766719	2.091905039	1.397291812	2.997153216	4.155537714	320.7352689
MNDA	7.005995104	1	1	1.805656813	669.0096222	3514.721798
MPEG1	323.972072	1.825262942	1	1	2050.529137	181.7676692
MRVI1	1.606595322	1	1	1	10.69118828	160.8134489
MS4A1	3079.882069	4.94925247	1.222690094	1	1	1
MS4A6A	1.812211062	1	1	1	539.7119366	61.99357458
MS4A7	12.49241952	1	1	1	160.5626034	1
MSRB1	4.147785152	3.992349173	3.995210813	6.676519737	111.78979	590.8849661
MTMR11	1	1	1	1	88.9991718	1
MYBL1	3.996929992	138.5937403	39.05229921	334.9593879	1	1
MYCL	1	1	1	1	65.47993779	1
MYOF	1	1	1	1	95.19900665	1
MYOM2	1.609477701	1	1.609477701	69.44013841	1	1
MZB1	115.7605252	1.536338553	1	1.518605139	1	1
NAMPT	16.51331361	19.97428839	15.95038379	20.60735354	706.4239452	3975.469209
NAMPTP1	1	1	1	1	31.02471293	237.6019292
NAPSB	194.6684476	1	1	1	151.3613964	1.024839673
NCALD	1	20.16068836	8.134207443	61.44581946	1	1
NCAM1	1	3.721436428	1	208.9818304	1	1
NCF2	14.64599742	2.349950406	7.268189216	3.068117599	954.9047979	1709.269545
NCR1	1	3.067129778	1	74.18474125	1	5.804388879
NCR3	25.18364524	38.8745671	4.44805951	88.30549219	1	1
NELL2	1	294.3087769	179.583954	1.329802769	1	1
NFAM1	3.495331019	1	1	1	556.174074	743.3988432
NFATC2	77.71389483	164.5910844	132.2352948	365.3301864	1	1
NFE2	1	1	1	3.216570512	71.94789488	346.3705599
NID1	1	1	1	1	79.92512757	1
NKG7	1	619.006793	10.17138437	2514.269931	8.397024732	12.66691052
NLGN2	1	19.95691082	16.97020561	3.77464174	1	1
NLRC3	127.6383323	282.1282355	255.1394526	440.8521425	1	1
NLRP12	1	1	1	1.953482568	90.71743599	198.3833473
NLRP3	1	2.670612303	2.498964443	3.546150172	372.236976	53.24168453
NMUR1	1	11.49149859	1	223.7180376	1	1
NPDC1	1	77.95235004	71.76246192	1.905581581	2.450746095	1
NR3C2	21.7248588	60.61511523	49.91994665	2.510113916	1	1
NRGN	2.007331397	1	1	1	135.8455808	9.090687121
NT5E	82.25941646	20.94182025	3.43296727	1	1	1
OAF	1	2.097432405	1.431676858	1.499101366	72.78611575	1
OBSCN	63.7015109	158.9770829	237.1246073	37.67835376	4.938745869	1
OSBPL10	157.5994168	1	1	1	1	1
OSBPL5	1	70.09655026	5.894641252	450.2511304	43.42187113	16.41633708
OSCAR	1	1	1	1.425818733	173.0842061	107.8233017
OXNAD1	5.489553419	201.3571236	194.461492	26.35971072	5.17256765	7.074157365
P2RX5	308.7290653	8.518345101	6.883984782	2.918983492	1.690428562	1
P2RY13	1	1	1	1	85.52360986	430.3385079
PADI2	1	1	1	1	126.377896	524.1497343
PADI4	1	2.588388358	1	1.797270628	132.3979207	260.6035214
PANX2	1	1	1	1	6.68519971	114.8673882
PARM1	40.39688662	1	1	1	1	1
PAWR	83.45932691	1.865273456	2.369917969	2.724429368	1	4.648645763
PAX5	1341.364486	1	1	1	1	1
PCDH1	1.009248276	2.347131029	1.006152898	30.06187424	1.079696817	2.997153216
PCDH9	58.59662528	1.003076449	1.006152898	1.012343653	1.079696817	2.997153216
PCED1B	12.08099737	81.91305539	90.80978523	15.23076094	1	1
PDGFD	1	6.424232635	1	59.60585361	1	1
PDGFRB	1	3.506856178	1	65.14671434	1	1.137479629
PDLIM1	127.0057989	2.644615383	1	10.32911097	2.743863255	1
PDZD4	1	114.8208917	60.74875171	393.1714619	1	1
PEG10	59.5743951	1.006152898	1.006152898	1.006152898	1.076385372	2.974349421
PGLYRP1	1	1	1	1	1	105.5434765
PHOSPHO1	1	2.784452262	1	16.11256487	7.506116378	388.4951813
PI16	1.703937331	2.334414617	19.23499294	1	1	1
PI3	1	1	1	1	1	115.6777507
PID1	1	1	1	1	65.32859426	1
PKIG	101.6198745	2.168538808	1.649953131	1	1	1
PLAUR	1	1.145016751	1	1.609477701	414.660327	174.4358197
PLBD1	1.086453447	1	1	1	591.1766338	308.7896204
PLCG1	79.12886672	581.9431041	577.2553664	172.5991349	1.812211062	1
PLCH2	32.15437225	81.47992818	76.37204786	230.9355432	1	1
PLCL1	1	16.16547945	58.2283912	1.244952962	5.708433734	17.64052948
PLD4	71.40755411	1	1	1	14.57487362	1
PLEKHB1	6.273301318	35.25751512	48.63673964	2.492985517	1	1
PLEKHF1	2.080692809	25.16264138	10.84795726	102.029237	1	1
PLEKHG1	208.5730929	3.00862303	1.775301995	1	1	1
PLEKHG5	1	13.47976251	25.29663781	1	1	1
PLIN5	1	1	1	1	2.470150616	94.22855724
PLXDC1	1	65.07067659	72.77865834	14.59792463	1	1.006152898
PLXNB2	6.950991562	8.367425409	1.30473885	1.30473885	910.2178092	1
PNOC	48.08727424	1	1	1	2.149729853	1
POU2AF1	389.5810625	1	3.108710315	1	1	1
PPP2R2B	1	16.02970626	2.729069184	32.66844925	1	1
PRAM1	1	1.902392149	1.494489544	2.543015819	287.3560167	145.2672787
PRF1	1	315.8132408	13.35477762	2699.74063	1	1
PRKCA	1	27.28906802	60.33431983	7.126325777	9.155949132	1
PRKCH	1	361.3355628	281.3596806	585.7858645	8.364459951	17.66232978
PRKCQ	1	109.4585553	110.2580761	79.98633873	1	1
PRKCQ-AS1	1	55.30191211	84.11219856	12.78788637	1	1
PROK2	1	1.490915118	1	1	29.47400068	321.6579286
PRR5L	2.827368352	54.2735316	13.34644146	205.709565	8.034998823	29.27611165
PRSS23	1	19.88390541	1	210.5510568	1	1
PRSS30P	1	2.730607711	1	22.64030621	1	1
PTAFR	4.771299135	1.304785488	1.485406224	1.937180319	347.9444162	631.6615693
PTCH1	5.107646095	69.15760845	17.65190414	89.68210556	1	1
PTGDR	1	12.65946077	1.401498234	104.0284849	1	1
PTGDS	1	25.21257923	8.893022241	123.2070837	1	1
PTGS2	1	1	1	1	514.634867	564.0208737
PTK7	1	11.18044988	1	3.705058158	1	1
PTPRK	60.70070105	3.581080785	1	1	1	1
PYGL	1	1	1	1.922807889	203.6684014	663.523083
PYHIN1	5.976429889	82.55589533	42.38920466	220.8230008	1	1
QPCT	1	1	1	1	82.7549189	243.0836516
RAB27B	1	2.321944344	2.199675321	30.36049956	1	1
RAB30	217.7025997	17.99880759	20.23270843	4.850949305	1	1
RALGPS2	837.3851789	7.824010143	11.40898353	9.384138058	7.365714457	50.07101251
RASGRF2	1	67.4576452	72.3057531	5.461127778	1	1
RASGRP1	47.79009952	237.5241883	302.1375319	139.9631711	1	1
RASGRP3	161.7677068	3.544651073	4.726253554	2.637021637	1.851637466	6.167732193
RASGRP4	1.386285032	1	1.967809251	2.048995287	222.2115596	487.5543469
RASSF4	1	7.615053057	1	147.9295088	312.2116787	6.467535013
RBM47	6.254730573	1	1	1	145.3920606	276.4780489
RCAN3	33.41355619	140.2327438	281.0207555	2.768625824	12.50091567	1
RGS18	1	1	1	1.301856471	41.53988189	175.1443126
RGS9	1	7.284192011	1	24.55350549	1	1
RHOBTB3	1.766860954	1.204941391	1.222451904	47.1827956	1.858305384	1
RHPN1	6.400303163	74.56424318	93.96327811	1.572893675	1.805708538	12.79802438
RIN2	1	1	1	1	59.52258452	1
RNF157	1	108.0852665	138.0579276	10.61808049	1	1
RNF165	1	1.765864299	1	68.16063108	1	1
RORA	6.732155885	345.0009105	366.9361771	440.4997335	1	1
RTKN2	1	3.016292319	29.86245168	1	1	1
RUBCNL	149.6187338	1	1	1	5.286334105	65.25158961
S100A12	1	1	1	1	240.3403803	254.4976172
S100A8	3.036517478	1	1	1	1677.455222	3975.469209
S100A9	8.179067395	3.214200853	2.983968186	3.215920043	4544.467169	8701.441611
S100B	1	14.19213157	1	5.460731843	1	1
S100P	1	1	1	1	6.923310926	215.6834404
S1PR1	116.0299415	340.4512241	404.4432753	132.4604346	1	1
S1PR3	1	1	1	1	62.22390462	1
S1PR5	1	50.35910293	1	406.4814203	1	1
SAMD3	1.731606039	127.1170008	45.93533192	246.0828368	1	1
SBK1	1.812211062	80.29985051	51.51698722	169.6931462	1	1
SCN3A	58.67997335	1	1	1	1	1
SECTM1	1	1.270363448	2.844921212	1.494489544	251.0486739	431.3725833
SERPINA1	2.893955632	1.854910092	1	1	1502.063717	2050.529137
SGK1	34.27193666	20.70404988	35.75104049	3.546494626	1379.06427	222.370075
SH2D1A	1	35.59869324	26.00173127	39.66581914	1	1
SH2D1B	1	1.370362458	1	365.2449373	1	1
SH2D2A	1	59.5304571	29.13567378	224.421289	1	1
SHTN1	1	1	1	1	88.5427355	1
SIGLEC1	1	1	1	1	77.8395918	1
SIGLEC17P	1	7.192145716	1	40.83326863	2.258900392	6.824094734
SIGLEC5	6.857018521	1	1	1	56.79766778	279.1402896
SIRPA	2.366890422	1	1	1	404.8261809	658.6302489
SIRPB1	1	4.890424726	3.93152468	1	198.1195123	406.8812196
SIRPB2	1	1	1	1	131.9455594	198.0304571
SIRPG	1	42.09414411	57.0163226	1	1	1
SLA2	1	74.90793802	55.03933394	99.63634181	1	5.827128609
SLAMF1	55.01677943	43.04700707	86.93740887	1	1	1
SLAMF7	7.905597456	96.84398587	2.489865273	252.5171063	21.06960295	20.1137483
SLC11A1	3.865802492	1.987833865	2.322261068	2.39318761	964.6757077	1035.901696
SLC1A7	1	2.286208138	1	20.83351516	1	1
SLC22A17	1	10.12507594	19.48865157	1	1	1
SLC24A4	1	1	1	1	94.90009885	30.41426731
SLC38A11	51.55003697	1	1	1	1.021706086	2.55298638
SLC4A10	1	26.4053302	1.982327508	2.886305844	1	1.024839673
SLC7A7	55.14239101	1.053527538	1.1069325	1.086380956	511.2827546	74.29520822
SLC9A7	65.13264959	1	2.615481007	1	3.166781791	9.425238836
SLFN12L	1.84500535	59.1668126	44.36798964	99.57222077	1	1
SLFN13	19.63607056	62.15124468	45.93878387	323.9012934	2.698846506	10.32291179
SLPI	1	1	1	1	1	63.39049797
SNPH	2.764363336	27.02928007	36.30123347	7.643080441	1	1
SNX22	312.6876197	2.434975599	1.499524425	3.657758745	2.564151085	9.563861082
SORT1	1	1	1	1.30473885	169.5472298	64.77633969
SPEG	1	28.94574878	18.14078436	1	1	1
SPI1	108.3121606	1	1	6.607559675	920.0524181	1307.025577
SPOCK2	284.3729624	1664.854229	1495.664013	586.4674267	1	35.6617836
SPON2	1.764207565	59.03654702	4.685484233	1697.965209	1	1
ST6GALNAC2	1	1	1	1	9.137319524	104.371263
STAB1	1.647070752	1	1	1	878.5483174	1
STAP1	118.5765467	1	3.26211994	4.422018408	1	1
STAT4	1.572893675	157.062394	103.3226127	231.0558632	1	1
STEAP4	1	1	1	1	33.90199266	521.1477813
STMN3	73.05243745	185.2914876	254.8829334	14.73698269	4.830498106	9.75998949
SULF2	5.87096901	1.831812299	1.848321408	4.718529799	561.3393218	315.9984135
SWAP70	337.8659069	2.651150578	3.572750861	7.545764474	33.53380635	13.33314345
SYNPO	122.7903746	1	1	1	1	1
SYTL2	1	57.09164261	19.2635732	123.4294756	1	1
TBC1D27	69.2558921	1	1	1	1	1
TBC1D4	5.17261527	135.6916989	365.3817679	2.755896246	10.06699201	1
TBC1D9	214.156465	1	1	1	113.2290236	1
TBX21	4.32905776	123.4171007	11.63169233	434.8474856	1	1
TC2N	9.452655938	289.9906922	322.6972667	94.4293242	1	1
TCEA3	1	12.39301598	31.16310033	1	1.009248276	2.488512873
TCF4	269.5701381	1	1	12.28722909	15.97034947	1
TCF7	33.91075565	1015.530316	1553.870473	102.3007901	1.636764932	4.139545042
TCL1A	513.1886139	1	1	1	1	1
TCL6	84.21732341	1	1	1	1	1
TCN2	1	1	1	1	46.53821246	1
TESPA1	15.27133103	123.3553675	249.5262098	42.28873017	1	1
TFEC	17.5035626	1	1	1	122.2620796	11.99712737
TGFBI	2.504263318	1.978432437	2.678833161	1	788.9388896	1
TGFBR3	1	157.2791329	33.54981317	473.461784	1	1
THBD	1	1	1	1	43.52643055	139.50315
THBS1	1	6.231509903	1.828602373	17.59708025	301.1189592	1
THEM4	8.828794972	40.86640711	86.41983533	11.40689877	2.947985684	1
THEMIS	1	166.3685796	88.77458125	1	1	1
TIAM1	1	15.80580358	122.906369	8.90424635	72.22267271	1
TIGIT	1	48.14292616	40.25902632	54.71449996	1	1
TKTL1	1	2.488949069	2.591887728	38.95383081	1	1.851637466
TLE1	168.0061643	8.729237818	1	101.2904928	2.054748655	4.868116592
TLE2	2.357292488	22.68298191	33.74347753	5.29136331	1	1
TLR2	3.539250259	1	2.371129208	1.30473885	233.2764825	322.2477697
TLR4	3.092376329	1	1	2.200260327	265.1459091	511.8716568
TLR8	1	1	1	1	124.5359549	327.1388625
TMEM176A	1	1	1	1	124.518774	1
TMEM176B	1	1	1	1	239.9655473	1
TMEM204	1	20.09719074	41.69477039	5.051452862	1	1
TNFAIP2	3.013876209	1	1	2.657091415	1472.076158	1730.280981
TNFAIP6	1	1	1	1	2.431811927	90.45910854
TNFRSF10C	1	1	1	1	16.18149371	1148.262372
TNFRSF13B	44.60021433	1	1	1	1	1
TNFRSF13C	228.4496815	4.077309316	2.497474239	1	1	1
TNFRSF18	3.357312117	2.59304051	8.352141654	43.20130547	1	1
TNFRSF25	3.015447462	299.0347122	450.5805393	58.60621385	1	1
TOX	3.259286935	24.07791033	12.93049327	73.62552103	1	1
TPD52	172.5683898	21.19109964	21.79681065	26.06377935	1	1
TRABD2A	10.79981027	206.5579349	324.2489777	1.758839484	1	1
TRAT1	1	30.46735563	112.2189065	1.577620053	1	1
TRBC2	137.4320617	998.6079651	1214.17567	309.8551754	1	1
TRBV19	1	18.63503637	25.92648538	1	1	1
TRBV20-1	1	19.35651943	39.0389262	1	1	1
TRBV29-1	1	17.52317996	24.33611627	1	1	1
TRBV5-1	1	10.7285219	34.57155574	1	1	1
TRDC	1	4.685067617	1.609477701	181.3216052	1	1
TREM1	1	1	1	1	199.4472624	443.3747276
TRGC1	1	33.11301248	4.744395013	59.90143486	1	1
TRGC2	1	75.76740056	7.647178417	23.80405498	1	1
TRIB1	12.43384653	1.769780796	6.728612858	1	740.167435	289.5487538
TRIB2	203.9974644	142.6359719	371.5699149	143.20339	2.219485488	6.238439407
TRPM6	1	1	1	3.42298164	1	84.95075988
TSHZ2	1.450167065	1.314008802	35.59055379	1	1	1
TSPAN13	123.4092297	1	1	1	1	12.16869974
TSPAN18	1.90214724	16.80258238	78.86879427	2.003644913	1	1
TSPAN33	131.0283753	4.905656872	3.828264057	2.706120728	15.93724973	1
TSPOAP1	12.76248737	135.6506084	32.66911557	907.772855	24.77528633	19.19675433
TTC16	1	84.03242265	19.34986787	31.14824205	1	1
TTC24	16.44543369	27.04476467	2.269854231	3.353205201	1	1
TTC38	4.573615768	41.49419799	5.669829203	427.8348797	19.63979078	17.64052948
TXK	1	75.71774872	94.12232048	235.4460767	1	1
TYROBP	1.649953131	10.75745844	1	238.5766354	823.2932517	715.9287066
UBASH3A	1	80.7973948	126.3961714	1	1	1
VAV2	132.841881	2.199200439	1.86165733	2.066532599	39.76622768	1
VCAN	5.631909356	1	1	1	2514.269931	5.956174855
VENTX	1.527948961	1	1	1	69.35925628	7.103922379
VIPR1	2.366890422	65.45997414	111.783809	1	63.06204685	4.306452366
VNN3	1	1	1	1	18.77589529	177.3113484
VPREB3	69.32469871	1	1	1	1	1.805708538
VSIG1	2.671364898	12.6025382	34.11221071	1	1	1
WDFY3	1	1	1	1	85.80491977	260.6035214
WDFY4	730.8690222	1	1	1	110.5409481	157.6194318
WLS	1	1	1	1	40.5110412	117.7146119
YES1	1	12.31433013	4.516226898	42.93807035	1	1
ZAP70	7.545648178	1125.563835	855.8808467	2367.898466	1	1
ZNF385A	12.98805378	1.171183317	1	1.775301995	429.9058971	21.70176375
ZNF683	1	21.77482444	1	16.35126551	1	1
ZNF703	40.68562668	1.750263533	1	1	131.6446014	1